%YAML:1.0
---
CameraExtrinsicMat: !!opencv-matrix
   rows: 4
   cols: 4
   dt: d
   data: [ -1.9236382248491890e-02, 2.1969445782005381e-02,
       9.9957356160015609e-01, -1.8354580402374268e+00,
       -9.9972768467942652e-01, -1.3632437888079552e-02,
       -1.8939723407177644e-02, -4.8234544694423676e-02,
       1.3210529266560189e-02, -9.9966569416443363e-01,
       2.2225701951528176e-02, 7.0133560895919800e-01, 0., 0., 0., 1. ]
CameraMat: !!opencv-matrix
   rows: 3
   cols: 3
   dt: d
   data: [ 1.0675312010952471e+03, 0., 6.7776077766058495e+02, 0.,
       1.0672143229774128e+03, 4.1447289013268511e+02, 0., 0., 1. ]
DistCoeff: !!opencv-matrix
   rows: 1
   cols: 5
   dt: d
   data: [ -1.5212158106703572e-01, 1.0087682158189565e-01,
       -3.0395886209756896e-04, -4.1909334324878692e-04,
       -3.3515661300209262e-02 ]
ImageSize: [ 1280, 720 ]
ReprojectionError: 0
DistModel: plumb_bob
