%YAML:1.0
---
CameraExtrinsicMat: !!opencv-matrix
   rows: 4
   cols: 4
   dt: d
   data: [ 1.5528797125996086e-01, 1.1621743290427700e-02,
       9.8780088128370136e-01, -2.9370584251517989e-01,
       -9.8515409127014109e-01, -7.2263748052527221e-02,
       1.5572208311958635e-01, -3.3166555754209924e-02,
       7.3191956085816079e-02, -9.9731784592490491e-01,
       2.2751711953827858e-04, 1.8923584099603374e-01, 0., 0., 0., 1. ]
CameraMat: !!opencv-matrix
   rows: 3
   cols: 3
   dt: d
   data: [ 1.0722441241195445e+03, 0., 9.4436291187446704e+02, 0.,
       1.0712115368470213e+03, 5.7959694563421340e+02, 0., 0., 1. ]
DistCoeff: !!opencv-matrix
   rows: 1
   cols: 5
   dt: d
   data: [ -1.5954075387190544e-01, 1.6162745728768943e-01,
       7.4171106285682179e-04, -4.3360467120267800e-04,
       -8.9031586590288758e-02 ]
ImageSize: [ 1920, 1200 ]
ReprojectionError: 1.6341197218062087e-01
DistModel: plumb_bob
